NO,QB 6,0.52,RB 37,1.8,
NO,RB 16,0.5,
NO,QB 6,0.2,RB 81,1,
NO,QB 6,0,WR 39,0,
NO,K 9,0,
NO,RB 16,0.4,
NO,QB 6,0,TE 68,0,
NO,QB 6,0,WR 37,0,
NO,K 9,0,
NO,RB 16,0.6,
NO,QB 6,0.24,RB 81,1.1,
NO,QB 6,0,TE 59,0,
NO,RB 16,0,
NO,QB 6,0.12,RB 37,0.8,
NO,WR 2,0,
NO,RB 37,0.1,
NO,QB 6,0.4,WR 37,1.5,
NO,QB 6,0,
NO,QB 6,0.32,WR 39,1.3,
NO,RB 37,1.3,
NO,RB 16,2,
NO,RB 16,1.2,
NO,QB 6,4.6,TE 68,8,
NO,K 18,1,
NO,RB 16,0.5,
NO,QB 6,0,RB 37,0,
NO,QB 6,0.24,WR 98,1.1,
NO,RB 16,0.2,
NO,RB 16,0.2,
NO,QB 6,1.76,WR 37,4.9,
NO,RB 16,0.9,
NO,RB 16,0.8,
NO,QB 6,4.16,RB 104,6.9,
NO,K 18,1,
NO,K 9,0,RB 81,0,
NO,RB 16,0.2,
NO,QB 6,0.2,WR 39,1,
NO,QB 6,0,RB 37,0,
NO,WR 2,0,
NO,RB 16,0.4,
NO,QB 6,4.44,WR 98,7.6,
NO,K 18,1,
NO,K 9,0,RB 81,0,
NO,QB 6,-0.04,RB 16,0.4,
NO,QB 6,0.84,WR 37,2.6,
NO,RB 16,0,
NO,QB 6,0,RB 16,0.5,
NO,QB 6,6.76,WR 37,13.4,
NO,K 18,1,
NO,K 9,0,RB 81,0,
NO,RB 16,0.3,
NO,QB 6,0.68,TE 59,2.2,
NO,QB 6,0,
NO,QB 6,0.72,WR 37,2.3,
NO,RB 16,0,
NO,RB 37,0.7,
NO,QB 6,0,WR 39,0,
NO,RB 16,3.1,
NO,QB 6,4.12,WR 39,6.8,
NO,K 18,1,
NO,RB 16,-0.4,
NO,TE 59,0,
NO,RB 16,0.3,
NO,RB 16,0.6,
NO,K 9,0,
NO,RB 16,-0.3,
NO,RB 16,0.1,
NO,RB 16,0.6,
NO,K 6,0,
NO,QB 6,0.44,TE 2,1.6,
NO,WR 130,6.7,
NO,RB 16,-0.1,
NO,RB 16,0.1,
NO,QB 6,0.5,
NO,RB 16,-0.2,
NO,K 6,0,
NO,RB 16,0,
NO,QB 6,0.24,WR 37,1.1,
NO,QB 6,0,WR 37,0,
NO,QB 6,0.28,WR 37,1.2,
NO,RB 16,0.2,
NO,QB 6,2.48,WR 130,6.7,
NO,RB 16,-0.1,
NO,QB 6,4.4,TE 2,7.5,
NO,K 18,1,
NO,QB 6,0.68,TE 59,2.2,
NO,RB 16,0.1,
NO,QB 6,0.28,WR 98,1.2,
NO,QB 6,0.36,WR 39,1.4,
NO,QB 6,0,
NO,QB 6,0,RB 37,0,
NO,QB 6,0,
NO,WR 135,0,
NO,K 6,0,
NO,RB 37,0.4,
NO,QB 6,0.52,RB 16,1.8,
NO,WR 37,-0.2,
NO,QB 6,0.16,RB 37,0.9,
NO,QB 6,0.28,WR 37,1.2,
NO,QB 6,0,RB 37,0.5,
NO,QB 6,1.32,WR 37,3.8,
NO,QB 6,0.1,
NO,QB 6,0.08,RB 16,0.7,
NO,QB 6,0,TE 2,0,
NO,K 18,3,
NO,QB 6,0.24,RB 37,1.1,
NO,QB 6,0.64,RB 37,2.1,
NO,QB 6,0,WR 98,0,
NO,QB 6,0.9,
NO,QB 6,0.2,RB 81,1,
NO,QB 6,0.76,WR 39,2.4,
NO,QB 6,0,
NO,QB 6,5.04,WR 39,9.1,
NO,K 18,1,
NO,K 6,0,
NO,RB 37,0.5,
NO,QB 6,0.16,TE 68,0.9,
NO,RB 16,0.9,
NO,QB 6,0.2,TE 59,1,
NO,RB 37,0.2,
NO,QB 6,0.24,RB 81,1.1,
NO,QB 6,-1,TE 2,0,
NO,K 6,0,RB 81,0,
NO,QB 6,0.64,WR 37,2.1,
NO,RB 16,0.6,
NO,QB 6,0,
NO,QB 6,0,
NO,WR 135,0,
NO,K 6,0,
NO,RB 16,0.4,
NO,QB 6,0.44,TE 2,1.6,
NO,RB 37,0.4,
NO,QB 6,1.12,WR 39,3.3,
NO,RB 16,0.8,
NO,RB 37,0.4,
NO,QB 6,0,TE 2,0,
NO,QB 6,0.2,WR 37,1,
NO,QB 6,0,TE 2,0,
NO,K 18,3,
NO,K 6,0,
NO,QB 6,0,RB 37,0,
NO,QB 6,0.64,WR 37,2.1,
NO,QB 6,0.32,WR 37,1.3,
NO,QB 6,0.32,TE 2,1.3,
NO,QB 6,0.2,RB 37,1,
NO,QB 6,0,WR 98,0,
NO,QB 6,0.24,RB 37,1.1,
NO,QB 6,0.56,WR 98,1.9,
NO,QB 6,0.2,TE 2,1,
NO,QB 6,0.84,WR 98,2.6,
NO,QB 6,4.08,TE 2,6.7,
NO,K 18,1,
NO,K 17,0,
NO,RB 16,0.2,
NO,RB 16,0.3,
NO,QB 6,0.64,WR 37,2.1,
NO,RB 16,0.3,
NO,RB 16,0.5,
NO,QB 6,0.08,WR 37,0.7,
NO,QB 6,0,
NO,QB 6,0,TE 59,0,
NO,RB 16,0.2,
NO,QB 6,0.52,TE 2,1.8,
NO,QB 6,0.16,RB 16,0.9,
NO,QB 6,0.08,RB 104,0.7,
NO,QB 6,0,RB 81,0,
NO,K 18,3,
NO,K 17,0,
NO,RB 16,0.3,
NO,QB 6,0.16,TE 2,0.9,
NO,QB 6,0.2,
NO,QB 6,0.56,
NO,RB 16,0.4,
NO,QB 6,0.12,RB 104,0.8,
NO,RB 16,0.4,
NO,RB 16,0.1,
NO,QB 6,0.64,WR 39,2.1,
NO,RB 16,0.1,
NO,QB 6,0.64,WR 39,2.1,
NO,RB 16,-0.2,
NO,QB 6,0,WR 39,0,
NO,RB 16,0.2,
NO,RB 16,0,
NO,QB 6,-0.04,RB 104,0.4,
NO,K 17,0,
NO,RB 16,0.5,
NO,QB 6,0.32,RB 81,1.3,
NO,QB 6,0.16,RB 81,0.9,
NO,QB 6,0.48,RB 81,1.7,
NO,QB 6,0,
NO,RB 16,0.1,
NO,QB 6,0.04,RB 104,0.6,
NO,QB 6,0.48,TE 2,1.7,
NO,QB 6,0.16,RB 16,0.9,
NO,RB 16,0.1,
NO,QB 6,0,WR 39,0,
NO,K 17,0,
NO,RB 16,1.3,
NO,QB 6,0.16,RB 16,0.9,
NO,QB 6,0.28,WR 130,1.2,
NO,RB 16,0.8,
NO,RB 16,0.3,
NO,RB 16,0.4,
NO,QB 6,0.28,RB 81,1.2,
NO,RB 16,-0.1,
NO,QB 6,0.6,
NO,RB 16,0,
NO,QB 6,0.24,RB 16,1.1,
NO,QB 6,4.36,WR 37,7.4,
NO,K 18,1,
NO,K 17,0,
NO,QB 6,0.2,WR 37,1,
NO,QB 6,0.3,
NO,QB 6,0.68,WR 39,2.2,
NO,RB 16,0.5,
NO,QB 6,0.28,WR 39,1.2,
NO,QB 6,-0.08,RB 16,0.3,
NO,QB 6,0,WR 39,0,
NO,QB 6,0,WR 39,0,
NO,QB 6,0.12,RB 16,0.8,
NO,QB 6,0.44,RB 16,1.6,
NO,QB 6,0.4,
NO,QB 6,0.32,
NO,QB 6,0.52,
NO,RB 81,-2,
NO,K 8,0,RB 81,0,WR 105,0,
NO,QB 6,0,WR 37,0,
NO,QB 6,0.08,TE 2,0.7,
NO,QB 6,-1,WR 39,0,
NO,K 8,0,RB 81,0,
NO,RB 16,0.3,
NO,RB 16,0.4,
NO,QB 6,0,
NO,K 8,0,RB 81,0,
NO,RB 16,0.3,
NO,QB 6,0,RB 81,0,
NO,QB 6,1.6,
NO,QB 6,0,
NO,RB 16,0.3,
NO,QB 6,0.48,WR 39,1.7,
NO,QB 6,0,TE 2,0,
NO,RB 16,0.2,
NO,QB 6,-0.04,RB 81,0.4,
NO,K 18,4,
NO,RB 16,0.5,
NO,QB 6,0.36,TE 2,1.4,
NO,RB 16,0.9,
NO,RB 16,0.6,
NO,QB 6,5.24,
NO,K 18,1,
NO,K 8,0,RB 81,0,RB 98,0,
NO,QB 6,0.24,
NO,RB 16,0,
NO,QB 6,0,WR 39,0,
NO,QB 6,0.16,TE 2,0.9,
NO,QB 6,0,TE 2,0,
NO,QB 6,0,RB 81,0,
NO,QB 6,0.24,RB 81,1.1,
NO,QB 6,0.24,TE 2,1.1,
NO,QB 6,0.32,
NO,QB 6,-1,TE 2,0,
NO,RB 16,0.4,
NO,RB 81,0.8,
NO,RB 16,1.1,
NO,QB 6,0,TE 68,0,
NO,RB 16,0.1,
NO,QB 6,0.28,TE 2,1.2,
NO,RB 16,0.4,
NO,QB 6,0.2,
NO,QB 6,0.52,TE 68,1.8,
NO,QB 6,0,RB 16,0,
NO,RB 16,0.7,
NO,RB 16,0.9,
NO,RB 16,1.1,
NO,QB 6,0,TE 68,0,
NO,RB 16,0.4,
NO,QB 6,4.44,TE 2,7.6,
NO,K 18,1,
NO,QB 6,0.12,RB 16,0.8,
NO,RB 16,0.6,
NO,RB 16,0,
NO,QB 6,0.2,
NO,QB 6,0,WR 37,0,
NO,RB 16,0,
NO,QB 6,0.32,RB 16,1.3,
NO,RB 16,1.1,
NO,QB 6,0.56,RB 104,1.9,
NO,RB 81,0.1,
NO,QB 6,0,RB 16,0,
NO,QB 6,0.52,TE 2,1.8,
NO,QB 6,0.32,RB 16,1.3,
NO,RB 16,-0.1,
NO,QB 6,0,
NO,QB 6,0.96,WR 39,2.9,
NO,RB 16,0.6,
NO,RB 16,0.2,
NO,QB 6,4.08,TE 2,6.7,
NO,K 18,1,
NO,K 8,0,
NO,QB 6,0.5,
NO,QB 6,0.6,TE 2,2,
NO,QB 6,0.52,RB 81,1.8,
NO,QB 6,0,
NO,TE 2,0,
NO,K 8,0,
NO,QB 6,0.64,WR 37,2.1,
NO,RB 16,0.2,
NO,QB 6,0.2,WR 37,1,
NO,QB 6,0.2,WR 37,1,
NO,RB 16,0.4,
NO,QB 6,0,WR 37,0,
NO,RB 16,0.4,
NO,QB 6,0,
NO,QB 6,0.28,TE 2,1.2,
NO,QB 6,0,
NO,QB 6,-2,RB 81,0,
NO,K 28,0,
NO,RB 16,0.3,
NO,RB 16,1.9,
NO,RB 16,0,WR 48,0,
NO,QB 6,0.72,
NO,QB 6,0.2,
NO,QB 6,0.72,TE 2,2.3,
NO,RB 16,0,
NO,RB 16,0.4,
NO,QB 6,-1,WR 37,0,
NO,QB 6,0.76,TE 2,2.4,
NO,RB 16,0,
NO,QB 6,0,TE 59,0,
NO,QB 6,0.88,WR 39,2.7,
NO,RB 16,0.5,
NO,QB 6,-2,RB 104,0,WR 48,0,
NO,RB 16,0.2,
NO,RB 16,0.3,
NO,QB 6,0,
NO,QB 6,0,WR 37,0,
NO,QB 6,0.28,TE 2,1.2,
NO,WR 114,0,
NO,RB 16,0.3,
NO,RB 81,-0.2,
NO,QB 6,0.16,TE 68,0.9,
NO,WR 114,0,
NO,QB 6,0.64,WR 37,2.1,
NO,RB 16,0,
NO,RB 16,0.1,
NO,QB 6,0.12,RB 81,0.8,
NO,RB 16,0.1,
NO,RB 16,6.3,
NO,K 18,1,
NO,QB 6,0,WR 37,0,
NO,QB 6,0,RB 81,0,
NO,QB 6,0.68,WR 37,2.2,
NO,QB 6,0.36,WR 37,1.4,
NO,QB 6,0.2,TE 2,1,
NO,QB 6,0.32,WR 39,1.3,
NO,QB 6,0.8,RB 81,2.5,
NO,QB 6,0,
NO,QB 6,0,WR 138,0,
NO,QB 6,4.04,TE 2,6.6,
NO,K 18,1,
NO,K 28,0,
NO,RB 16,-0.1,
NO,RB 16,0.2,
NO,QB 6,0.6,
NO,QB 6,0.72,WR 37,2.3,
NO,RB 16,0.6,
NO,QB 6,0.4,RB 16,1.5,
NO,QB 6,0,RB 81,0,
NO,QB 6,0.3,
NO,QB 6,0.48,WR 37,1.7,
NO,RB 16,1.2,
NO,RB 16,0.2,
NO,RB 16,0,
NO,QB 6,0,TE 59,0,
NO,QB 6,6.1,
NO,K 18,1,
NO,QB 6,0.24,WR 39,1.1,
NO,RB 16,0,
NO,QB 6,0,RB 16,0,WR 48,0,
NO,WR 114,0,
NO,K 28,0,
NO,QB 6,0,
NO,QB 6,1.08,TE 2,3.2,
NO,RB 16,0.5,
NO,RB 16,0.1,
NO,QB 6,0.24,RB 81,1.1,
NO,RB 81,0.3,
NO,QB 6,1,WR 138,3,
NO,RB 16,0.7,
NO,RB 16,0,
NO,QB 6,0.24,TE 2,1.1,
NO,RB 16,0.3,
NO,QB 6,0,RB 104,0,
NO,RB 16,6.3,
NO,K 18,1,
NO,RB 16,0.4,
NO,RB 16,0.4,
NO,RB 16,0.8,
NO,QB 6,-0.1,
NO,QB 6,-0.1,
NO,K 5,0,
NO,RB 16,0.4,
NO,RB 16,1.4,
NO,RB 16,0.2,
NO,QB 6,0.2,RB 81,1,
NO,QB 6,0.6,
NO,QB 6,1.8,WR 37,5,
NO,K 18,1,
NO,K 5,0,
NO,QB 6,0.24,
NO,QB 6,0,WR 39,0,
NO,QB 6,0.24,WR 37,1.1,
NO,RB 16,0.4,
NO,RB 16,0.7,
NO,QB 6,0.48,WR 39,1.7,
NO,WR 35,0.2,
NO,QB 6,0,TE 2,0,
NO,QB 6,0,
NO,K 18,3,
NO,K 5,0,
NO,RB 16,0.4,
NO,QB 6,0.28,WR 37,1.2,
NO,RB 16,0.2,
NO,QB 6,0,RB 16,0,
NO,QB 6,0.48,RB 81,1.7,
NO,QB 6,0,
NO,QB 6,0.56,WR 45,0,
NO,RB 16,0.9,
NO,QB 6,0.12,WR 45,0,
NO,QB 6,0.36,WR 39,1.4,
NO,RB 16,0.2,
NO,QB 6,0.32,WR 39,1.3,WR 45,0,
NO,RB 16,0,
NO,QB 6,-0.04,WR 37,0.4,
NO,K 18,3,
NO,K 5,0,
NO,QB 6,0.28,RB 81,1.2,
NO,QB 6,0.72,
NO,QB 6,0,RB 81,0,
NO,QB 6,0.64,RB 81,2.1,
NO,QB 6,0,
NO,QB 6,0.8,WR 39,2.5,
NO,K 18,3,
NO,K 5,0,
NO,QB 6,0.44,TE 2,1.6,
NO,RB 16,2.8,
NO,QB 6,0.12,RB 16,0.8,
NO,QB 6,0.24,TE 2,1.1,
NO,WR 35,-0.1,
NO,RB 16,0.1,
NO,RB 16,1.8,
NO,QB 6,0.44,TE 2,1.6,
NO,QB 6,0.36,TE 2,1.4,
NO,QB 6,6,
NO,K 18,1,
NO,QB 6,0.2,RB 104,1,
NO,RB 16,0.4,
NO,RB 16,0.9,
NO,QB 6,4.88,TE 2,8.7,
NO,K 18,1,
NO,RB 16,1.4,
NO,RB 81,0.7,
NO,QB 6,0.12,
NO,RB 16,0.6,
NO,QB 6,0.08,WR 35,0.7,
NO,QB 6,0,
NO,RB 16,0.8,
NO,QB 6,4.08,TE 59,6.7,
NO,K 18,1,
NO,K 5,0,
NO,RB 16,0.3,
NO,RB 16,0.5,
NO,RB 16,0.4,WR 45,0,
NO,RB 16,-0.1,
NO,RB 16,8.1,
NO,K 18,1,
NO,RB 16,0.4,
NO,RB 104,0.4,
NO,RB 104,-2.1,TE 68,0,WR 45,0,
NO,QB 6,0.12,RB 37,0.8,
NO,QB 6,0.12,RB 16,0.8,
NO,QB 6,0,WR 39,0,
NO,WR 119,0,
NO,QB 6,0.12,TE 68,0.8,
NO,RB 16,0.2,
NO,QB 6,0.32,WR 39,1.3,
NO,QB 6,0,
NO,QB 6,0,RB 16,0,
NO,QB 6,0.84,WR 39,2.6,
NO,QB 6,0.28,RB 81,1.2,
NO,QB 6,0,
NO,QB 6,0.28,RB 81,1.2,
NO,QB 6,0.32,TE 59,1.3,
NO,WR 119,0,
NO,QB 6,0.4,WR 37,1.5,
NO,RB 37,0.4,
NO,RB 37,-0.4,
NO,QB 6,4.52,WR 35,7.8,
NO,K 18,1,
NO,RB 37,0.1,
NO,QB 6,0.16,RB 37,0.9,
NO,QB 6,1,RB 81,3,
NO,WR 138,0,
NO,RB 16,-0.3,
NO,QB 6,0.2,RB 81,1,
NO,QB 6,0,WR 138,0,
NO,QB 6,0,RB 37,0.5,
NO,QB 6,0.4,RB 37,1.5,
NO,QB 6,0.64,WR 37,2.1,
NO,QB 6,0.56,
NO,QB 6,0.68,WR 37,2.2,
NO,QB 6,0.72,WR 39,2.3,
NO,QB 6,0,
NO,K 18,3,
NO,RB 37,1.2,
NO,RB 37,0,
NO,QB 6,0.88,WR 39,2.7,
NO,QB 6,5.84,WR 37,11.1,
NO,K 18,1,
NO,RB 16,0.5,
NO,RB 37,0,
NO,WR 39,0,
NO,QB 6,0,TE 68,0,
NO,WR 119,0,
NO,QB 6,0.76,WR 39,2.4,
NO,RB 16,-0.4,
NO,QB 6,0.56,WR 37,1.9,
NO,RB 16,0.1,
NO,QB 6,0.36,
NO,RB 16,-0.3,
NO,QB 6,0.92,WR 39,2.8,
NO,QB 6,0.4,RB 16,1.5,
NO,QB 6,0,WR 138,0,
NO,QB 6,0,TE 2,0,
NO,K 18,4,
NO,RB 16,1.4,
NO,RB 16,0,
NO,WR 35,0.5,
NO,QB 6,0,RB 81,0,
NO,K 18,3,
NO,QB 6,0,TE 68,0,
NO,RB 16,0.3,
NO,RB 16,0.1,
NO,QB 6,0,WR 39,0,
NO,QB 6,-1,TE 59,0,WR 39,0,
NO,QB 6,0,RB 81,0,
NO,QB 6,0,TE 2,0,
NO,QB 6,0,WR 135,0,WR 39,0,
NO,QB 6,1.3,
NO,QB 6,0,RB 81,0,
NO,QB 6,-0.04,RB 81,0.4,
NO,QB 6,0.32,RB 81,1.3,
NO,QB 6,0,WR 138,0,
NO,QB 6,0.04,
NO,QB 6,0.64,WR 37,2.1,
NO,QB 6,0.16,
NO,QB 6,0,WR 138,0,
NO,QB 6,1.44,WR 39,4.1,
NO,QB 6,0,
NO,QB 6,0.32,RB 81,1.3,
NO,QB 6,0,TE 2,0,
NO,K 18,3,
NO,QB 6,0.52,TE 2,1.8,
NO,QB 6,0.36,RB 37,1.4,
NO,RB 37,0.3,
NO,QB 6,0.32,
NO,WR 138,0,
NO,QB 6,0.92,TE 2,2.8,
NO,QB 6,0,TE 2,0,
NO,QB 6,0,TE 2,0,
NO,K 18,3,
NO,QB 6,1.48,TE 59,4.2,
NO,QB 6,0.24,
NO,QB 6,0,WR 39,0,
NO,QB 6,4.6,RB 37,8,
NO,K 18,1,
NO,QB 6,0.32,TE 59,1.3,
NO,QB 6,0.56,RB 37,1.9,
NO,QB 6,0.12,
NO,QB 6,0,WR 138,0,
NO,WR 35,0,
NO,QB 6,0,
NO,QB 6,0.48,TE 68,1.7,
NO,QB 6,-1,RB 81,0,
NO,QB 6,-0.1,
NO,RB 81,0,
NO,RB 37,0.4,
NO,QB 6,0,WR 138,0,
NO,QB 6,-1,
NO,RB 81,0,
NO,QB 6,0.52,TE 68,1.8,
NO,QB 6,0,RB 37,0,
NO,QB 6,0.36,
NO,WR 35,0.2,
NO,QB 6,0.2,TE 68,1,
NO,QB 6,0.36,
NO,QB 6,-0.04,
NO,QB 6,4.2,RB 81,7,
NO,K 18,1,
NO,RB 81,0,
NO,QB 6,0.24,WR 39,1.1,
NO,QB 6,0,WR 37,0,
NO,QB 6,0.64,
NO,QB 6,0.36,
NO,QB 6,0,WR 39,0,
NO,QB 6,0,RB 37,0,
NO,RB 37,8.7,
NO,QB 6,0,TE 68,0,
NO,QB 6,0.76,RB 37,2.4,
NO,QB 6,0,RB 81,0,
NO,QB 6,0.24,RB 81,1.1,
NO,QB 6,0.08,TE 68,0.7,
NO,QB 6,-0.32,RB 37,-0.3,
NO,QB 6,0.32,RB 37,1.3,
NO,K 18,4,
NO,QB 6,0.52,RB 37,1.8,
NO,QB 6,0.28,RB 37,1.2,
NO,QB 6,0,WR 39,0,
NO,QB 6,0,TE 68,0,
NO,QB 6,-1,WR 138,0,
NO,QB 6,0.84,WR 39,2.6,
NO,QB 6,0,
NO,QB 6,0,WR 37,0,
NO,QB 6,0.32,TE 59,1.3,
NO,QB 6,0,TE 68,0,
NO,RB 37,0.1,
NO,QB 6,0.44,TE 68,1.6,
NO,K 3,0,
NO,QB 6,0.28,RB 81,1.2,
NO,QB 6,0,
NO,QB 6,0.6,
NO,QB 6,0.08,RB 81,0.7,
NO,RB 81,0.1,
NO,QB 6,0.24,WR 39,1.1,
NO,WR 35,0.2,
NO,QB 6,0.48,
NO,QB 6,0.48,
NO,QB 6,0.88,WR 39,2.7,
NO,QB 6,0,
NO,QB 6,0.28,TE 68,1.2,
NO,K 18,0,
NO,K 3,0,
NO,QB 6,0.32,TE 2,1.3,
NO,QB 6,-1,WR 138,0,
NO,K 3,0,
NO,QB 6,0,WR 39,0,
NO,QB 6,0.32,
NO,WR 139,0,
NO,K 3,0,
NO,RB 37,0.8,
NO,K 3,0,
NO,QB 6,0.36,WR 39,1.4,
NO,QB 6,0,TE 2,0,
NO,QB 6,0.24,
NO,QB 6,0.64,WR 37,2.1,
NO,QB 6,1.84,WR 37,5.1,
NO,QB 6,0,WR 39,0,
NO,RB 37,0,
NO,QB 6,0,
NO,K 18,3,
NO,K 3,0,
NO,QB 6,0.36,RB 37,1.4,
NO,QB 6,0.4,TE 2,1.5,
NO,QB 6,0,TE 2,0,
NO,QB 6,0.32,TE 2,1.3,
NO,QB 6,0,WR 39,0,
NO,QB 6,0.16,WR 39,0.9,
NO,QB 6,0,WR 39,0,
NO,QB 6,0.36,WR 39,1.4,
NO,QB 6,0.08,
NO,QB 6,0.64,TE 2,0.1,
NO,QB 6,4.48,TE 59,7.7,
NO,K 18,1,
NO,QB 6,0,WR 39,0,
NO,QB 6,1.24,RB 81,3.6,
NO,QB 6,0.36,
NO,QB 6,0.24,RB 81,1.1,
NO,QB 6,4.52,TE 2,7.8,
NO,K 18,1,
NO,QB 6,0,WR 37,0,
NO,QB 6,0,TE 2,0,
NO,QB 6,0.24,RB 37,1.1,
NO,K 3,0,
NO,QB 6,0.2,TE 2,1,
NO,QB 6,0.36,TE 2,1.4,
NO,QB 6,0.24,RB 81,1.1,
NO,QB 6,0.68,TE 2,2.2,
NO,QB 6,0,
NO,QB 6,0.28,RB 81,-0.8,
NO,K 23,0,
NO,QB 6,0.4,TE 68,1.5,
NO,QB 6,0.28,
NO,RB 37,0.8,
NO,QB 6,0.28,TE 2,1.2,
NO,QB 6,0.2,
NO,RB 81,0.3,
NO,QB 6,0.52,RB 37,1.8,
NO,RB 37,6.1,
NO,K 18,1,
NO,QB 6,0.04,RB 37,0.6,
NO,QB 6,0.6,TE 2,2,
NO,RB 37,1.1,
NO,QB 6,0.64,
NO,QB 6,5.36,TE 59,9.9,
NO,K 18,0,
NO,K 23,0,
NO,QB 6,0,WR 39,0,
NO,RB 37,0.7,
NO,QB 6,0.28,
NO,K 23,0,
NO,RB 81,0.6,
NO,QB 6,0,WR 39,0,
NO,QB 6,0.24,WR 37,1.1,
NO,QB 6,0.08,
NO,RB 37,0,
NO,QB 6,0.24,TE 2,1.1,
NO,QB 6,0.36,TE 2,1.4,
NO,QB 6,0.6,WR 37,2,
NO,QB 6,0,TE 2,0,
NO,QB 6,0,
NO,QB 6,0,
NO,TE 59,0,
NO,K 23,0,
NO,QB 6,0,
NO,QB 6,0.72,
NO,QB 6,0.28,TE 2,1.2,
NO,RB 37,0.2,
NO,WR 35,0.2,
NO,RB 37,-0.2,
NO,RB 37,0.3,
NO,QB 6,0,
NO,QB 6,0.56,TE 59,1.9,
NO,QB 6,0.28,WR 39,1.2,
NO,QB 6,0.28,RB 37,1.2,
NO,QB 6,0,
NO,QB 6,0,WR 37,0,
NO,QB 6,0.4,TE 2,1.5,
NO,QB 6,0,TE 2,0,
NO,QB 6,0.76,
NO,QB 6,4.72,WR 39,8.3,
NO,K 18,1,
NO,QB 6,0,WR 39,0,
NO,QB 6,0.44,WR 37,1.6,
NO,QB 6,0.24,WR 37,1.1,
NO,QB 6,0.92,WR 138,2.8,
NO,QB 6,-0.1,
NO,QB 6,-0.1,
NO,K 25,0,
NO,QB 6,0,RB 37,0.5,
NO,QB 6,0,
NO,QB 6,0.04,
NO,WR 106,0,
NO,QB 6,0,
NO,QB 6,0.2,RB 16,1,
NO,QB 6,0,WR 37,0,
NO,TE 59,0,WR 106,0,
NO,K 25,0,RB 81,0,
NO,RB 16,0.6,
NO,QB 6,0.12,RB 16,0.8,
NO,WR 35,0.2,
NO,QB 6,0,
NO,QB 6,0,
NO,WR 106,0,
NO,K 25,0,
NO,RB 37,0.5,
NO,QB 6,0,WR 138,0,
NO,QB 6,0.16,TE 68,0.9,
NO,QB 6,0.44,RB 37,1.6,
NO,RB 16,2.6,
NO,QB 6,0.3,
NO,QB 6,-0.04,TE 59,0.4,
NO,K 18,3,
NO,RB 16,1.2,
NO,QB 6,-1,TE 2,0,
NO,K 25,0,RB 81,0,
NO,QB 6,0.92,TE 2,2.8,
NO,RB 37,0.4,
NO,QB 6,0.56,WR 37,1.9,
NO,QB 6,0.24,TE 2,1.1,
NO,QB 6,0.2,RB 37,1,WR 1,0,
NO,QB 6,0.24,TE 2,1.1,
NO,QB 6,0.52,TE 2,1.8,
NO,QB 6,0,TE 2,0,
NO,QB 6,0,WR 138,0,
NO,QB 6,0.4,WR 138,1.5,
NO,QB 6,0,
NO,QB 6,4.36,TE 2,7.4,
NO,K 18,1,
NO,RB 16,0.6,
NO,QB 6,0,TE 2,0,
NO,QB 6,0.6,TE 2,2,
NO,QB 6,0.52,RB 16,1.8,
NO,RB 16,1.5,
NO,RB 16,0.2,
NO,QB 6,0.2,WR 37,1,
NO,QB 6,4.04,TE 2,6.6,
NO,K 18,1,
NO,K 25,0,
NO,QB 6,0.24,WR 37,1.1,
NO,WR 1,0,
NO,QB 6,0.56,TE 2,1.9,
NO,RB 16,0.2,
NO,QB 6,0.48,WR 138,1.7,
NO,RB 37,0.7,
NO,RB 16,0.8,
NO,QB 6,0,TE 59,0,
NO,QB 6,0.8,TE 2,2.5,
NO,RB 16,0.2,
NO,RB 16,6.1,
NO,K 18,1,
NO,QB 6,0.52,
NO,RB 16,0.3,
NO,QB 6,0.44,TE 2,1.6,
NO,QB 6,0,TE 68,0,
NO,QB 6,0,RB 16,0,
NO,QB 6,0.6,WR 138,2,
NO,WR 35,0.8,
NO,QB 6,0.12,
NO,QB 6,0,
NO,K 25,0,RB 81,0,
NO,QB 6,0.2,RB 81,1,
NO,QB 6,1.28,
NO,RB 16,0.6,
NO,QB 6,0.08,
NO,QB 6,0.68,WR 39,2.2,
NO,RB 16,0.1,
NO,QB 6,0,TE 2,0,
NO,QB 6,0.56,
NO,K 18,3,
NO,RB 37,0.2,
NO,QB 6,0.04,RB 16,0.6,
NO,QB 6,0.32,RB 37,1.3,
NO,QB 6,0,WR 130,0,
NO,RB 16,0.4,
NO,QB 6,0.52,TE 2,1.8,
NO,RB 16,0,
NO,QB 6,0,RB 37,0,
NO,QB 6,0,WR 130,0,
NO,K 18,5,
NO,QB 6,0.24,TE 2,1.1,
NO,QB 6,0,
NO,QB 6,0.68,TE 2,2.2,
NO,QB 6,0,TE 68,0.5,
NO,QB 6,0.28,TE 2,1.2,
NO,QB 6,0.36,
NO,K 18,1,
NO,QB 6,0.32,
NO,QB 6,0.24,RB 37,1.1,
NO,RB 37,1.3,
NO,QB 6,0.48,TE 2,1.7,
NO,QB 6,0.44,RB 37,1.6,
NO,QB 6,0.4,WR 39,1.5,
NO,QB 6,4.12,
NO,K 18,1,
NO,QB 6,0,WR 130,0,
NO,QB 6,0,WR 138,0,
NO,RB 37,0.2,
NO,QB 6,0,TE 2,0,
NO,TE 59,0,WR 82,0,
NO,RB 16,0.6,
NO,QB 6,2.28,WR 39,6.2,
NO,RB 37,0.1,
NO,QB 6,0.08,RB 37,0.7,
NO,QB 6,-1,
NO,RB 16,0.1,
NO,QB 6,0.24,TE 2,1.1,
NO,QB 6,0.44,TE 2,1.6,
NO,RB 16,0.1,
NO,RB 37,0.4,
NO,QB 6,0.36,
NO,QB 6,0.2,
NO,QB 6,0,WR 39,0,
NO,QB 6,0.76,RB 37,2.4,
NO,RB 16,0.5,
NO,RB 16,1.9,
NO,RB 16,6.3,
NO,K 18,1,
NO,RB 16,0.4,
NO,QB 6,0,WR 39,0,
NO,QB 6,0,WR 138,0,
NO,RB 81,0,
NO,QB 6,0.4,TE 2,1.5,
NO,QB 6,0.48,RB 37,1.7,
NO,RB 37,0.5,
NO,QB 6,0.52,WR 39,1.8,
NO,RB 16,0.7,
NO,RB 37,0.4,
NO,RB 16,6.3,
NO,K 18,1,
NO,QB 6,0,WR 39,0,
NO,QB 6,0.52,RB 37,0,WR 39,-0.2,
